2023-05-05 00:50:22
666
localStorage_additem([7,11,24,28,31,36,37,666,8028009])
511,476,473

localStorage_additem([7,11,24,30,31,32,36,666,8028089])
521,518,500,479

localStorage_additem([7,11,24,28,31,33,37,666,8028003])
511,476,473

localStorage_additem([7,11,24,30,32,36,37,666,8028110])
518,500,

sqlite> select * from alll7 where id=8028009;
+---------+----+----+----+----+----+----+----+----+----+----+-------+-------+
| 8028009 | 7  | 11 | 24 | 28 | 31 | 36 | 37 |    |    |    | 10    | 0     |
+---------+----+----+----+----+----+----+----+----+----+----+-------+-------+
| 8028089 | 7  | 11 | 24 | 30 | 31 | 32 | 36 |    |    |    | 11    | 1     |
+---------+----+----+----+----+----+----+----+----+----+----+-------+-------+
| 8028003 | 7  | 11 | 24 | 28 | 31 | 33 | 37 |    |    |    | 9     | 2     |
+---------+----+----+----+----+----+----+----+----+----+----+-------+-------+
| 8028110 | 7  | 11 | 24 | 30 | 32 | 36 | 37 |    |    |    | 8     | 3     |
+---------+----+----+----+----+----+----+----+----+----+----+-------+-------+

noe
localStorage_additem([5,7,9,15,22,25,32,90,6229720])
localStorage_additem([5,7,9,10,15,25,26,90,6218394])
localStorage_additem([5,7,9,15,22,25,37,90,6229725])
+---------+----+----+----+----+----+----+----+----+----+----+-------+-------+
| 6229720 | 5  | 7  | 9  | 15 | 22 | 25 | 32 |    |    |    | 17    | 1     |
+---------+----+----+----+----+----+----+----+----+----+----+-------+-------+
| 6218394 | 5  | 7  | 9  | 10 | 15 | 25 | 26 |    |    |    | 12    | 0     |
+---------+----+----+----+----+----+----+----+----+----+----+-------+-------+
| 6229725 | 5  | 7  | 9  | 15 | 22 | 25 | 37 |    |    |    | 16    | 1     |
+---------+----+----+----+----+----+----+----+----+----+----+-------+-------+


2023-05-08 01:05:53
localStorage_additem([7,11,24,27,30,35,36,0,8027908])
localStorage_additem([7,11,24,26,27,30,35,0,8027682])

+---------+----+----+----+----+----+----+----+----+----+----+-------+-------+
| 8027908 | 7  | 11 | 24 | 27 | 30 | 35 | 36 |    |    |    | 11    | 3     |
---------+----+----+----+----+----+----+----+----+----+----+-------+-------+
| 8027682 | 7  | 11 | 24 | 26 | 27 | 30 | 35 |    |    |    | 14    | 2     |
+---------+----+----+----+----+----+----+----+----+----+----+-------+-------+


2023-05-30 01:58:55
localStorage_additem([5,8,15,24,26,27,29,0,6427329])
+---------+----+----+----+----+----+----+----+----+----+----+-------+-------+
| 6427329 | 5  | 8  | 15 | 24 | 26 | 27 | 29 |    |    |    | 22    | 1     |
+---------+----+----+----+----+----+----+----+----+----+----+-------+-------+



long
localStorage_additem([7,8,13,15,26,30,32,777,7734642])
localStorage_additem([8,13,15,24,26,30,32,777,8572856])
localStorage_additem([1,5,9,10,15,16,36,777,924019])
sqlite> select * from alll7 where id=7734642;
+---------+----+----+----+----+----+----+----+----+----+----+-------+-------+
| 7734642 | 7  | 8  | 13 | 15 | 26 | 30 | 32 |    |    |    | 14    | 3     |
+---------+----+----+----+----+----+----+----+----+----+----+-------+-------+
| 8572856 | 8  | 13 | 15 | 24 | 26 | 30 | 32 |    |    |    | 20    | 0     |
+--------+----+----+----+----+----+----+----+----+----+----+-------+-------+
| 924019 | 1  | 5  | 9  | 10 | 15 | 16 | 36 |    |    |    | 10    | 2     |
+--------+----+----+----+----+----+----+----+----+----+----+-------+-------+


2023-06-05 02:10:35
localStorage_additem([13,17,21,22,27,28,37,230605,9904719])
+---------+----+----+----+----+----+----+----+----+----+----+-------+-------+
| 9904719 | 13 | 17 | 21 | 22 | 27 | 28 | 37 |    |    |    | 10    | 6     |
+---------+----+----+----+----+----+----+----+----+----+----+-------+-------+

localStorage_additem([15,17,21,25,26,27,29,230605,10081087])
+----------+----+----+----+----+----+----+----+----+----+----+-------+-------+
| 10081087 | 15 | 17 | 21 | 25 | 26 | 27 | 29 |    |    |    | 11    | 6     |
+----------+----+----+----+----+----+----+----+----+----+----+-------+-------+

 localStorage_additem([2,17,19,20,21,22,33,230605,3520575])
+---------+----+----+----+----+----+----+----+----+----+----+-------+-------+
| 3520575 | 2  | 17 | 19 | 20 | 21 | 22 | 33 |    |    |    | 8     | 6     |
+---------+----+----+----+----+----+----+----+----+----+----+-------+-------+

localStorage_additem([3,15,17,21,26,27,29,230605,4823701])
+---------+----+----+----+----+----+----+----+----+----+----+-------+-------+
| 4823701 | 3  | 15 | 17 | 21 | 26 | 27 | 29 |    |    |    | 16    | 6     |
+---------+----+----+----+----+----+----+----+----+----+----+-------+-------+






///////////////////////////Loto6////////////////////////////////////////////
///////////////////////////Loto6////////////////////////////////////////////
///////////////////////////Loto6////////////////////////////////////////////
///////////////////////////Loto6////////////////////////////////////////////
///////////////////////////Loto6////////////////////////////////////////////
///////////////////////////Loto6////////////////////////////////////////////

2023-05-05 00:58:43
666
localStorage_additem([16,21,30,31,36,43,5773154])
1795,

localStorage_additem([18,24,32,39,41,42,5907390])
1782,1781,

localStorage_additem([16,32,34,35,36,39,5799775])
1794,1782,

localStorage_additem([5,21,32,35,36,39,3309028])
1794,

localStorage_additem([5,19,21,26,30,35,3285188])
1795,

one
2023-05-10 02:26:30
localStorage_additem([1,7,14,32,41,42,449758])
1792,
+--------+----+----+----+----+----+----+----+----+-------+-------+
| 449758 | 1  | 7  | 14 | 32 | 41 | 42 |    |    | 11    | 52    |
+--------+----+----+----+----+----+----+----+----+-------+-------+
s561 | 6        | 1610 | 2021/8/9   | 1  | 8  | 13 | 22 | 41 | 42 | 40 | -   | -    | 3 g  | D  | 497299  |

2023-05-30 01:24:05
localStorage_additem([6,16,19,24,36,41,3679322])
+---------+----+----+----+----+----+----+----+----+-------+-------+
| 3679322 | 6  | 16 | 19 | 24 | 36 | 41 |    |    | 9     | 60    |
+---------+----+----+----+----+----+----+----+----+-------+-------+

localStorage_additem([6,15,19,28,31,41,3662241])
+---------+----+----+----+----+----+----+----+----+-------+-------+
| 3662241 | 6  | 15 | 19 | 28 | 31 | 41 |    |    | 8     | 56    |
+---------+----+----+----+----+----+----+----+----+-------+-------+

2023-05-29 01:26:06
localStorage_additem([1,24,25,28,41,42,835523])
sqlite> select * from alll6 where s1=1 and s5=41 and s6=42 and fcck4 > 10;
+--------+----+----+----+----+----+----+----+----+-------+-------+
| 835523 | 1  | 24 | 25 | 28 | 41 | 42 |    |    | 11    | 51    |
+--------+----+----+----+----+----+----+----+----+-------+-------+