fns(  [1,3,6,11,27,28,31]  )  d4c = 14
fns(  [1,6,11,16,28,36,37]  )  d4c = 12
fns(  [1,10,11,19,26,28,37]  )  d4c = 12
fns(  [3,9,22,24,26,32,36]  )  d4c = 12
fns(  [4,6,24,28,30,35,36]  )  d4c = 12
fns(  [4,7,24,29,31,35,36]  )  d4c = 12
fns(  [4,12,17,21,27,31,34]  )  d4c = 12
fns(  [5,6,24,27,32,35,36]  )  d4c = 12
fns(  [6,7,14,15,16,24,35]  )  d4c = 12
fns(  [5,9,10,13,17,19,33]  )  d4c = 12
fns(  [6,9,13,14,23,24,28]  )  d4c = 12
fns(  [8,9,12,17,23,24,31]  )  d4c = 12
fns(  [9,14,18,21,28,31,33]  )  d4c = 13
fns(  [10,13,14,21,23,28,31]  )  d4c = 12
fns(  [12,17,24,27,28,29,30]  )  d4c = 12


fns(  [4,9,15,16,26,34,37]  )  d4c = 11
fns(  [6,14,21,28,31,32,35]  )  d4c = 11
fns(  [7,15,21,24,26,30,34]  )  d4c = 11
fns(  [3,5,6,10,16,26,28]  )  d4c = 11
fns(  [9,20,27,28,29,30,37]  )  d4c = 11
fns(  [2,3,7,9,24,26,30]  )  d4c = 11
fns(  [6,9,11,14,21,26,34]  )  d4c = 11
fns(  [4,5,15,19,24,25,30]  )  d4c = 11
fns(  [1,2,3,11,31,35,36]  )  d4c = 11
fns(  [11,14,21,23,25,26,28]  )  d4c = 11
fns(  [2,18,21,26,27,28,32]  )  d4c = 11
fns(  [3,4,7,10,18,28,29]  )  d4c = 11
fns(  [7,24,27,28,30,32,35]  )  d4c = 11
fns(  [4,6,9,18,31,32,36]  )  d4c = 11
fns(  [9,11,13,21,24,25,32]  )  d4c = 11
fns(  [4,10,15,23,29,34,36]  )  d4c = 11
fns(  [14,15,19,21,23,26,31]  )  d4c = 11
fns(  [9,15,16,21,26,27,35]  )  d4c = 11
fns(  [10,11,21,22,26,34,37]  )  d4c = 11
fns(  [3,9,22,31,32,35,36]  )  d4c = 11
fns(  [2,11,18,21,26,27,29]  )  d4c = 11
fns(  [9,15,16,22,25,34,35]  )  d4c = 11
