----------------------------------------------------------------------------------
[16,24,29,30,32]
[1,2,3,4,5,8,9,10,11,15,16,17,18,20,24,25,26,28,29,30,31,32,33,35,36,37]
[3]


除外
G_num_filter=[6,7,12,13,14,19,21,22,23,27,34]
( 6  )|( 7  )|( 12 )|( 13 )|( 14 )|( 19 )|( 21 )|( 22 )|( 23 )|( 27 )|( 34 )

DEL date	(x1)	(x2)	(x3)	(x4)	(x5)	(x6)	(x7)	(x8)	(x9)	SetItem(5)	レ9
2021/3/7	5	16	24	26	29	30	32	0	0	SetItem(5)	20
2021/3/7	2	3	5	15	24	36	37	0	0	SetItem(5)	17
2021/3/7	3	16	18	26	28	29	33	0	0	SetItem(5)	11
2021/3/7	4	8	15	16	29	32	37	0	0	SetItem(5)	23
2021/3/7	3	10	16	29	32	33	35	0	0	SetItem(5)	12
2021/3/7	11	16	18	26	30	32	35	0	0	SetItem(5)	19
2021/3/7	2	5	17	18	24	30	35	0	0	SetItem(5)	20
2021/3/7	17	24	25	26	28	32	33	0	0	SetItem(5)	18
2021/3/7	11	16	17	26	30	32	35	0	0	SetItem(5)	19
2021/3/7	5	8	16	18	31	33	37	0	0	SetItem(5)	19
2021/3/7	3	8	16	25	31	36	37	0	0	SetItem(5)	18
2021/3/7	10	11	15	26	29	32	33	0	0	SetItem(5)	19

----------------------------------------------------------------------------------
409,2021/03/05,13,15,16,24,30,31,37,12,33,I,
27 -> 6  ( 13 )|( 15 )|( 16 )|( 24 )|( 30 )|( 37 )
[1,3,4,5,7,8,10,12,13,15,16,17,19,20,21,22,24,25,26,29,30,32,33,34,35,36,37]
( 1  )|( 3  )|( 4  )|( 5  )|( 7  )|( 8  )|( 10 )|( 12 )|( 13 )|( 15 )|( 16 )|( 17 )|( 19 )|( 20 )|( 21 )|( 22 )|( 24 )|( 25 )|( 26 )|( 29 )|( 30 )|( 32 )|( 33 )|( 34 )|( 35 )|( 36 )|( 37 )
