ADD	2020/8/28	3	4	8	13	14	15	29	10	20	9	該当なし	4億円
ADD	2020/8/28	7	8	17	26	27	30	34	10	20	7	該当なし	4億円
ADD	2020/8/28	7	8	14	25	30	34	36	10	20	7	該当なし	4億円

ADD	2020/8/28	5	7	10	23	24	31	33	10	20	6	該当なし	4億円
ADD	2020/8/28	4	6	8	11	23	29	35	10	20	6	該当なし	4億円
ADD	2020/8/28	3	5	11	21	22	23	30	10	20	6	該当なし	4億円
ADD	2020/8/28	2	4	10	14	18	22	25	10	20	6	該当なし	4億円
ADD	2020/8/28	1	3	4	7	14	30	35	10	20	6	該当なし	4億円

ADD	2020/8/28	15	16	17	20	22	35	36	10	20	5	該当なし	4億円
ADD	2020/8/28	4	6	12	14	16	26	33	10	20	5	該当なし	4億円

ADD	2020/8/28	2	9	11	17	24	25	31	10	20	4	該当なし	4億円
ADD	2020/8/28	1	7	9	13	16	24	35	10	20	4	該当なし	4億円
ADD	2020/8/28	2	4	5	9	34	35	36	10	20	4	該当なし	4億円
ADD	2020/8/28	1	6	9	11	12	33	37	10	20	4	該当なし	4億円
ADD	2020/8/28	1	14	15	22	25	28	32	10	20	4	該当なし	4億円
ADD	2020/8/28	3	7	8	15	21	27	35	10	20	4	該当なし	4億円
ADD	2020/8/28	17	18	19	20	32	33	36	10	20	4	該当なし	4億円
ADD	2020/8/28	1	4	6	11	16	27	36	10	20	4	該当なし	4億円
ADD	2020/8/28	10	12	17	24	25	28	37	10	20	4	該当なし	4億円
ADD	2020/8/28	10	11	21	23	25	28	30	10	20	4	該当なし	4億円
ADD	2020/8/28	4	11	12	19	25	26	32	10	20	4	該当なし	4億円

ADD	2020/8/28	5	7	15	28	32	33	36	10	20	3	該当なし	4億円
ADD	2020/8/28	14	17	23	24	31	32	35	10	20	3	該当なし	4億円
ADD	2020/8/28	6	14	19	25	28	29	33	10	20	3	該当なし	4億円
ADD	2020/8/28	7	10	12	13	15	26	28	10	20	3	該当なし	4億円
ADD	2020/8/28	6	13	16	18	19	28	35	10	20	3	該当なし	4億円
ADD	2020/8/28	3	17	19	23	28	32	34	10	20	3	該当なし	4億円

ADD	2020/8/28	2	4	12	21	24	25	34	10	20	2	該当なし	4億円
ADD	2020/8/28	7	11	19	24	25	28	35	10	20	2	該当なし	4億円
ADD	2020/8/28	1	11	18	19	29	32	34	10	20	2	該当なし	4億円
ADD	2020/8/28	2	11	15	16	20	27	35	10	20	2	該当なし	4億円
ADD	2020/8/28	2	5	17	21	26	29	35	10	20	2	該当なし	4億円
ADD	2020/8/28	6	7	17	20	28	34	37	10	20	2	該当なし	4億円

ADD	2020/8/28	15	18	20	25	30	35	36	10	20	1	該当なし	4億円
ADD	2020/8/28	15	18	21	24	25	30	31	10	20	1	該当なし	4億円

ADD	2020/8/28	6	13	16	18	21	28	31	10	20	0	該当なし	4億円
ADD	2020/8/28	1	19	20	21	32	35	36	10	20	0	該当なし	4億円
ADD	2020/8/28	3	6	9	18	24	28	36	10	20	0	該当なし	4億円