+-------+-----+------------+----+----+----+----+----+----+----+----+----+-----+
| rowid | t1  |     d1     | s1 | s2 | s3 | s4 | s5 | s6 | s7 | b1 | b2 | WIN |
+-------+-----+------------+----+----+----+----+----+----+----+----+----+-----+
| 1     | 416 | 2021/04/23 | 8  | 9  | 10 | 15 | 16 | 30 | 31 | 29 | 36 | J   |
| 2     | 416 | 2021/04/23 | 5  | 11 | 12 | 18 | 19 | 30 | 31 |    |    |     |
| 3     | 416 | 2021/04/23 | 11 | 12 | 13 | 23 | 26 | 28 | 32 |    |    |     |
| 4     | 416 | 2021/04/23 | 3  | 14 | 19 | 22 | 33 | 36 | 37 |    |    |     |
| 5     | 416 | 2021/04/23 | 12 | 16 | 19 | 23 | 25 | 31 | 36 |    |    |     |
| 6     | 416 | 2021/04/23 | 12 | 14 | 20 | 22 | 31 | 36 | 37 |    |    |     |
| 7     | 416 | 2021/04/23 | 4  | 11 | 12 | 21 | 26 | 29 | 37 |    |    |     |
| 8     | 416 | 2021/04/23 | 2  | 3  | 16 | 18 | 19 | 27 | 36 |    |    |     |
| 9     | 416 | 2021/04/23 | 14 | 19 | 21 | 26 | 32 | 34 | 35 |    |    |     |
| 10    | 416 | 2021/04/23 | 4  | 13 | 16 | 22 | 25 | 26 | 35 |    |    |     |
| 11    | 416 | 2021/04/23 | 4  | 11 | 12 | 22 | 24 | 31 | 37 |    |    |     |
| 12    | 416 | 2021/04/23 | 4  | 16 | 18 | 29 | 30 | 31 | 35 |    |    | 6   |
| 13    | 416 | 2021/04/23 | 3  | 11 | 19 | 22 | 24 | 27 | 29 |    |    |     |
| 14    | 415 | 2021/04/16 | 4  | 8  | 12 | 13 | 23 | 32 | 37 | 16 | 35 | J   |
| 15    | 415 | 2021/04/16 | 19 | 22 | 23 | 27 | 31 | 34 | 36 |    |    |     |
| 16    | 415 | 2021/04/16 | 3  | 9  | 16 | 18 | 22 | 33 | 34 |    |    |     |
| 17    | 415 | 2021/04/16 | 9  | 19 | 21 | 29 | 31 | 32 | 34 |    |    |     |
| 18    | 415 | 2021/04/16 | 12 | 13 | 16 | 24 | 30 | 32 | 33 |    |    | 6   |
| 19    | 415 | 2021/04/16 | 13 | 15 | 17 | 25 | 27 | 30 | 32 |    |    |     |
| 20    | 415 | 2021/04/16 | 6  | 7  | 14 | 18 | 19 | 26 | 34 |    |    |     |
| 21    | 415 | 2021/04/16 | 9  | 16 | 19 | 20 | 24 | 25 | 27 |    |    |     |
| 22    | 415 | 2021/04/16 | 3  | 4  | 18 | 19 | 26 | 30 | 35 |    |    |     |
| 23    | 415 | 2021/04/16 | 4  | 8  | 12 | 21 | 29 | 33 | 34 |    |    |     |
| 24    | 415 | 2021/04/16 | 1  | 2  | 4  | 9  | 18 | 23 | 29 |    |    |     |
| 25    | 415 | 2021/04/16 | 3  | 11 | 19 | 22 | 24 | 27 | 29 |    |    |     |
| 26    | 414 | 2021/04/09 | 3  | 8  | 16 | 21 | 25 | 36 | 37 | 14 | 20 | C   |
| 27    | 414 | 2021/04/09 | 16 | 18 | 19 | 26 | 27 | 29 | 36 |    |    |     |
| 28    | 414 | 2021/04/09 | 18 | 19 | 21 | 29 | 33 | 35 | 37 |    |    |     |
| 29    | 414 | 2021/04/09 | 11 | 15 | 17 | 20 | 24 | 27 | 33 |    |    |     |
| 30    | 414 | 2021/04/09 | 11 | 15 | 18 | 22 | 23 | 26 | 35 |    |    |     |
| 31    | 414 | 2021/04/09 | 9  | 19 | 22 | 26 | 31 | 32 | 36 |    |    |     |
| 32    | 414 | 2021/04/09 | 9  | 19 | 21 | 23 | 24 | 32 | 36 |    |    |     |
| 33    | 414 | 2021/04/09 | 12 | 17 | 22 | 24 | 28 | 29 | 35 |    |    |     |
| 34    | 414 | 2021/04/09 | 3  | 11 | 19 | 22 | 24 | 27 | 29 |    |    |     |
| 35    | 413 | 2021/04/02 | 3  | 10 | 16 | 18 | 19 | 34 | 35 | 27 | 36 | F   |
| 36    | 413 | 2021/04/02 | 12 | 13 | 22 | 26 | 32 | 34 | 36 |    |    |     |
| 37    | 413 | 2021/04/02 | 10 | 17 | 20 | 21 | 27 | 30 | 31 |    |    |     |
| 38    | 413 | 2021/04/02 | 16 | 19 | 22 | 23 | 26 | 28 | 36 |    |    |     |
| 39    | 413 | 2021/04/02 | 16 | 18 | 19 | 26 | 27 | 29 | 36 |    |    | 6   |
| 40    | 413 | 2021/04/02 | 16 | 17 | 20 | 25 | 29 | 30 | 33 |    |    |     |
| 41    | 413 | 2021/04/02 | 18 | 19 | 20 | 23 | 25 | 26 | 29 |    |    |     |
| 42    | 413 | 2021/04/02 | 14 | 21 | 22 | 29 | 30 | 31 | 32 |    |    |     |
| 43    | 413 | 2021/04/02 | 3  | 11 | 19 | 22 | 24 | 27 | 29 |    |    |     |
| 44    | 412 | 2021/03/26 | 14 | 20 | 22 | 29 | 31 | 33 | 34 | 15 | 24 | A   |
| 45    | 412 | 2021/03/26 | 8  | 11 | 15 | 17 | 23 | 27 | 30 |    |    |     |
| 46    | 412 | 2021/03/26 | 7  | 9  | 10 | 18 | 27 | 33 | 34 |    |    |     |
| 47    | 412 | 2021/03/26 | 12 | 13 | 19 | 24 | 25 | 35 | 37 |    |    |     |
| 48    | 412 | 2021/03/26 | 1  | 4  | 8  | 12 | 15 | 21 | 25 |    |    |     |
| 49    | 412 | 2021/03/26 | 11 | 14 | 18 | 19 | 20 | 25 | 26 |    |    |     |
| 50    | 412 | 2021/03/26 | 3  | 11 | 19 | 22 | 24 | 27 | 29 |    |    |     |
| 51    | 411 | 2021/03/19 | 4  | 11 | 12 | 21 | 23 | 27 | 36 | 9  | 14 | G   |
| 52    | 411 | 2021/03/19 | 4  | 9  | 13 | 19 | 21 | 25 | 29 |    |    |     |
| 53    | 411 | 2021/03/19 | 2  | 3  | 5  | 18 | 25 | 28 | 31 |    |    |     |
| 54    | 411 | 2021/03/19 | 3  | 4  | 14 | 15 | 30 | 32 | 33 |    |    |     |
| 55    | 411 | 2021/03/19 | 1  | 7  | 14 | 19 | 24 | 26 | 36 |    |    |     |
| 56    | 411 | 2021/03/19 | 2  | 3  | 16 | 18 | 32 | 34 | 35 |    |    |     |
| 57    | 411 | 2021/03/19 | 2  | 9  | 16 | 19 | 29 | 35 | 36 |    |    |     |
| 58    | 411 | 2021/03/19 | 7  | 9  | 16 | 19 | 21 | 26 | 30 |    |    |     |
| 59    | 411 | 2021/03/19 | 9  | 16 | 19 | 21 | 26 | 29 | 30 |    |    |     |
| 60    | 411 | 2021/03/19 | 8  | 14 | 18 | 22 | 26 | 27 | 28 |    |    |     |
| 61    | 410 | 2021/03/12 | 1  | 2  | 18 | 21 | 26 | 29 | 37 | 9  | 36 | D   |
| 62    | 410 | 2021/03/12 | 13 | 14 | 18 | 26 | 29 | 30 | 36 |    |    | 6   |
| 63    | 410 | 2021/03/12 | 11 | 12 | 15 | 16 | 19 | 26 | 28 |    |    |     |
| 64    | 410 | 2021/03/12 | 2  | 5  | 16 | 18 | 26 | 28 | 35 |    |    |     |
| 65    | 410 | 2021/03/12 | 5  | 9  | 11 | 20 | 29 | 32 | 35 |    |    |     |
| 66    | 410 | 2021/03/12 | 1  | 4  | 15 | 30 | 32 | 36 | 37 |    |    |     |
| 67    | 410 | 2021/03/12 | 1  | 2  | 9  | 14 | 16 | 22 | 36 |    |    | QP  |
| 68    | 410 | 2021/03/12 | 8  | 14 | 18 | 22 | 26 | 27 | 28 |    |    |     |
| 69    | 409 | 2021/03/05 | 13 | 15 | 16 | 24 | 30 | 31 | 37 | 12 | 33 | I   |
| 70    | 409 | 2021/03/05 | 3  | 7  | 19 | 20 | 26 | 30 | 35 |    |    |     |
| 71    | 409 | 2021/03/05 | 5  | 15 | 17 | 20 | 32 | 33 | 36 |    |    |     |
| 72    | 409 | 2021/03/05 | 4  | 10 | 15 | 21 | 22 | 25 | 34 |    |    |     |
| 73    | 409 | 2021/03/05 | 5  | 19 | 24 | 26 | 32 | 34 | 35 |    |    |     |
| 74    | 409 | 2021/03/05 | 4  | 7  | 16 | 21 | 25 | 29 | 37 |    |    |     |
| 75    | 409 | 2021/03/05 | 1  | 4  | 5  | 23 | 26 | 29 | 34 |    |    |     |
| 76    | 409 | 2021/03/05 | 8  | 14 | 18 | 22 | 26 | 27 | 28 |    |    |     |
| 77    | 408 | 2021/02/26 | 16 | 18 | 19 | 21 | 29 | 30 | 35 | 14 | 28 | J   |
| 78    | 408 | 2021/02/26 | 5  | 6  | 10 | 18 | 21 | 23 | 25 |    |    |     |
| 79    | 408 | 2021/02/26 | 3  | 10 | 13 | 26 | 27 | 33 | 36 |    |    |     |
| 80    | 408 | 2021/02/26 | 9  | 11 | 12 | 15 | 20 | 26 | 36 |    |    |     |
| 81    | 408 | 2021/02/26 | 3  | 4  | 14 | 16 | 30 | 31 | 37 |    |    |     |
| 82    | 408 | 2021/02/26 | 9  | 12 | 15 | 17 | 18 | 35 | 37 |    |    |     |
| 83    | 408 | 2021/02/26 | 1  | 4  | 8  | 19 | 20 | 25 | 29 |    |    |     |
| 84    | 408 | 2021/02/26 | 2  | 17 | 22 | 23 | 27 | 30 | 36 |    |    |     |
| 85    | 408 | 2021/02/26 | 5  | 6  | 16 | 21 | 24 | 31 | 34 |    |    |     |
| 86    | 408 | 2021/02/26 | 8  | 13 | 17 | 24 | 28 | 32 | 33 |    |    |     |
| 87    | 408 | 2021/02/26 | 1  | 7  | 19 | 22 | 29 | 34 | 35 |    |    |     |
| 88    | 408 | 2021/02/26 | 2  | 7  | 11 | 14 | 28 | 30 | 32 |    |    |     |
| 89    | 408 | 2021/02/26 | 4  | 8  | 15 | 18 | 22 | 24 | 31 |    |    |     |
| 90    | 408 | 2021/02/26 | 8  | 14 | 18 | 22 | 26 | 27 | 28 |    |    |     |
| 91    | 407 | 2021/02/20 | 19 | 21 | 25 | 26 | 28 | 30 | 31 | 9  | 16 | A   |
| 92    | 407 | 2021/02/20 | 8  | 14 | 18 | 22 | 26 | 27 | 28 |    |    |     |
| 93    | 407 | 2021/02/20 | 1  | 4  | 7  | 23 | 25 | 29 | 31 |    |    |     |
| 94    | 407 | 2021/02/20 | 5  | 11 | 14 | 19 | 23 | 25 | 27 |    |    |     |
| 95    | 407 | 2021/02/20 | 2  | 5  | 14 | 19 | 34 | 36 | 37 |    |    |     |
| 96    | 407 | 2021/02/20 | 2  | 10 | 13 | 26 | 28 | 32 | 33 |    |    |     |
| 97    | 407 | 2021/02/20 | 4  | 7  | 11 | 20 | 24 | 32 | 35 |    |    |     |
| 98    | 407 | 2021/02/20 | 6  | 16 | 17 | 18 | 22 | 28 | 37 |    |    |     |
| 99    | 407 | 2021/02/20 | 9  | 12 | 15 | 18 | 20 | 24 | 30 |    |    |     |
| 100   | 407 | 2021/02/20 | 2  | 4  | 12 | 21 | 26 | 32 | 37 |    |    |     |
| 101   | 407 | 2021/02/20 | 3  | 8  | 12 | 20 | 23 | 26 | 32 |    |    |     |
| 102   | 407 | 2021/02/20 | 7  | 12 | 20 | 21 | 32 | 34 | 35 |    |    |     |
| 103   | 406 | 2021/02/12 | 1  | 2  | 5  | 16 | 18 | 21 | 29 | 24 | 25 | H   |
| 104   | 406 | 2021/02/12 | 8  | 14 | 18 | 22 | 26 | 27 | 28 |    |    |     |
| 105   | 406 | 2021/02/12 | 6  | 8  | 16 | 17 | 29 | 31 | 37 |    |    |     |
| 106   | 406 | 2021/02/12 | 13 | 15 | 18 | 23 | 26 | 28 | 36 |    |    |     |
| 107   | 406 | 2021/02/12 | 3  | 8  | 9  | 17 | 27 | 30 | 37 |    |    |     |
| 108   | 406 | 2021/02/12 | 1  | 11 | 12 | 19 | 21 | 22 | 25 |    |    |     |
| 109   | 406 | 2021/02/12 | 1  | 6  | 15 | 18 | 19 | 31 | 37 |    |    |     |
| 110   | 405 | 2021/02/05 | 3  | 10 | 16 | 17 | 24 | 32 | 36 | 11 | 29 | B   |
| 111   | 405 | 2021/02/05 | 4  | 5  | 13 | 19 | 30 | 33 | 34 |    |    |     |
| 112   | 405 | 2021/02/05 | 7  | 9  | 17 | 19 | 21 | 31 | 33 |    |    |     |
| 113   | 405 | 2021/02/05 | 8  | 9  | 16 | 17 | 20 | 34 | 35 |    |    |     |
| 114   | 405 | 2021/02/05 | 4  | 5  | 9  | 15 | 17 | 32 | 33 |    |    |     |
| 115   | 405 | 2021/02/05 | 3  | 13 | 22 | 24 | 25 | 36 | 37 |    |    |     |
| 116   | 405 | 2021/02/05 | 7  | 13 | 16 | 20 | 26 | 30 | 37 |    |    |     |
| 117   | 405 | 2021/02/05 | 1  | 6  | 11 | 21 | 31 | 32 | 33 |    |    |     |
| 118   | 405 | 2021/02/05 | 8  | 14 | 18 | 22 | 26 | 27 | 28 |    |    |     |
| 119   | 404 | 2021/01/29 | 4  | 8  | 13 | 16 | 25 | 30 | 32 | 9  | 26 | F   |
| 120   | 404 | 2021/01/29 | 2  | 8  | 17 | 18 | 19 | 29 | 30 |    |    |     |
| 121   | 404 | 2021/01/29 | 5  | 7  | 31 | 34 | 35 | 36 | 37 |    |    |     |
| 122   | 404 | 2021/01/29 | 9  | 17 | 18 | 27 | 28 | 32 | 33 |    |    |     |
| 123   | 404 | 2021/01/29 | 7  | 20 | 22 | 28 | 30 | 31 | 33 |    |    |     |
| 124   | 404 | 2021/01/29 | 6  | 8  | 13 | 17 | 35 | 36 | 37 |    |    |     |
| 125   | 404 | 2021/01/29 | 4  | 14 | 18 | 25 | 26 | 29 | 34 |    |    |     |
| 126   | 404 | 2021/01/29 | 1  | 3  | 9  | 11 | 16 | 23 | 24 |    |    |     |
| 127   | 404 | 2021/01/29 | 7  | 9  | 12 | 14 | 15 | 25 | 31 |    |    |     |
| 128   | 404 | 2021/01/29 | 3  | 10 | 12 | 20 | 28 | 34 | 35 |    |    |     |
| 129   | 403 | 2021/01/22 | 2  | 6  | 8  | 12 | 19 | 20 | 29 | 5  | 26 | A   |
| 130   | 403 | 2021/01/22 | 2  | 3  | 12 | 22 | 23 | 25 | 26 |    |    |     |
| 131   | 403 | 2021/01/22 | 1  | 7  | 9  | 19 | 25 | 27 | 34 |    |    |     |
| 132   | 403 | 2021/01/22 | 4  | 6  | 9  | 14 | 18 | 24 | 26 |    |    |     |
| 133   | 403 | 2021/01/22 | 3  | 12 | 15 | 17 | 25 | 32 | 35 |    |    |     |
| 134   | 403 | 2021/01/22 | 3  | 9  | 12 | 16 | 22 | 23 | 31 |    |    |     |
| 135   | 403 | 2021/01/22 | 7  | 8  | 11 | 21 | 28 | 33 | 36 |    |    |     |
| 136   | 403 | 2021/01/22 | 5  | 11 | 13 | 15 | 16 | 31 | 35 |    |    |     |
| 137   | 403 | 2021/01/22 | 11 | 13 | 15 | 16 | 21 | 29 | 32 |    |    |     |
| 138   | 403 | 2021/01/22 | 3  | 4  | 6  | 10 | 14 | 34 | 35 |    |    |     |
| 139   | 402 | 2021/01/15 | 7  | 9  | 12 | 17 | 20 | 26 | 29 | 4  | 13 | C   |
| 140   | 402 | 2021/01/15 | 3  | 6  | 7  | 13 | 22 | 29 | 36 |    |    |     |
| 141   | 402 | 2021/01/15 | 2  | 5  | 7  | 8  | 15 | 21 | 23 |    |    |     |
| 142   | 402 | 2021/01/15 | 3  | 10 | 11 | 24 | 26 | 30 | 34 |    |    |     |
| 143   | 402 | 2021/01/15 | 1  | 16 | 20 | 22 | 31 | 32 | 37 |    |    |     |
| 144   | 402 | 2021/01/15 | 4  | 6  | 9  | 12 | 19 | 28 | 35 |    |    |     |
| 145   | 402 | 2021/01/15 | 4  | 9  | 19 | 20 | 25 | 26 | 27 |    |    | 6   |
| 146   | 402 | 2021/01/15 | 13 | 14 | 17 | 18 | 27 | 29 | 36 |    |    |     |
| 147   | 402 | 2021/01/15 | 2  | 5  | 15 | 21 | 28 | 32 | 34 |    |    |     |
| 148   | 402 | 2021/01/15 | 1  | 8  | 11 | 12 | 16 | 17 | 37 |    |    |     |
| 149   | 402 | 2021/01/15 | 10 | 14 | 18 | 24 | 31 | 33 | 35 |    |    |     |
| 150   | 401 | 2021/01/08 | 4  | 5  | 9  | 14 | 18 | 30 | 35 | 1  | 33 | E   |
| 151   | 401 | 2021/01/08 | 2  | 10 | 15 | 21 | 27 | 28 | 37 |    |    |     |
| 152   | 401 | 2021/01/08 | 4  | 7  | 13 | 16 | 20 | 32 | 37 |    |    |     |
| 153   | 401 | 2021/01/08 | 2  | 8  | 10 | 17 | 27 | 28 | 36 |    |    |     |
| 154   | 401 | 2021/01/08 | 12 | 14 | 17 | 19 | 20 | 30 | 36 |    |    |     |
| 155   | 401 | 2021/01/08 | 1  | 7  | 16 | 20 | 24 | 26 | 31 |    |    |     |
| 156   | 401 | 2021/01/08 | 9  | 13 | 14 | 18 | 22 | 23 | 29 |    |    |     |
| 157   | 401 | 2021/01/08 | 6  | 11 | 14 | 22 | 27 | 34 | 36 |    |    |     |
| 158   | 401 | 2021/01/08 | 1  | 6  | 19 | 26 | 29 | 30 | 35 |    |    |     |
| 159   | 401 | 2021/01/08 | 4  | 5  | 12 | 21 | 25 | 32 | 33 |    |    |     |
| 160   | 401 | 2021/01/08 | 3  | 7  | 16 | 18 | 28 | 31 | 37 |    |    |     |
| 161   | 401 | 2021/01/08 | 3  | 5  | 9  | 11 | 12 | 17 | 33 |    |    |     |
| 162   | 401 | 2021/01/08 | 13 | 15 | 17 | 19 | 29 | 34 | 35 |    |    |     |
| 163   | 401 | 2021/01/08 | 4  | 8  | 18 | 23 | 24 | 30 | 32 |    |    |     |
| 164   | 401 | 2021/01/08 | 8  | 10 | 13 | 15 | 20 | 24 | 26 |    |    |     |
| 165   | 400 | 2020/12/25 | 4  | 17 | 22 | 28 | 30 | 31 | 35 | 25 | 34 | B   |
| 166   | 400 | 2020/12/25 | 15 | 21 | 23 | 30 | 31 | 33 | 37 |    |    |     |
| 167   | 400 | 2020/12/25 | 3  | 9  | 21 | 24 | 29 | 33 | 37 |    |    |     |
| 168   | 400 | 2020/12/25 | 4  | 9  | 11 | 17 | 27 | 34 | 35 |    |    | 6   |
| 169   | 400 | 2020/12/25 | 1  | 2  | 5  | 6  | 16 | 23 | 26 |    |    |     |
| 170   | 400 | 2020/12/25 | 1  | 12 | 19 | 24 | 25 | 29 | 36 |    |    |     |
| 171   | 400 | 2020/12/25 | 4  | 5  | 20 | 28 | 29 | 36 | 37 |    |    |     |
| 172   | 400 | 2020/12/25 | 6  | 8  | 15 | 22 | 27 | 35 | 37 |    |    |     |
| 173   | 399 | 2020/12/18 | 7  | 15 | 19 | 20 | 21 | 33 | 36 | 4  | 10 | D   |
| 174   | 399 | 2020/12/18 | 11 | 14 | 16 | 23 | 29 | 30 | 37 |    |    |     |
| 175   | 399 | 2020/12/18 | 4  | 5  | 15 | 19 | 21 | 29 | 31 |    |    | 6   |
| 176   | 399 | 2020/12/18 | 7  | 8  | 13 | 18 | 19 | 21 | 22 |    |    |     |
| 177   | 399 | 2020/12/18 | 1  | 15 | 19 | 28 | 30 | 34 | 36 |    |    |     |
| 178   | 399 | 2020/12/18 | 2  | 3  | 20 | 21 | 22 | 30 | 32 |    |    |     |
| 179   | 399 | 2020/12/18 | 6  | 9  | 20 | 23 | 27 | 29 | 36 |    |    |     |
| 180   | 399 | 2020/12/18 | 1  | 11 | 22 | 24 | 27 | 32 | 34 |    |    |     |
| 181   | 399 | 2020/12/18 | 8  | 9  | 10 | 14 | 18 | 33 | 36 |    |    |     |
| 182   | 398 | 2020/12/11 | 3  | 4  | 10 | 17 | 20 | 22 | 33 | 1  | 6  | G   |
| 183   | 398 | 2020/12/11 | 1  | 9  | 16 | 19 | 24 | 26 | 35 |    |    |     |
| 184   | 398 | 2020/12/11 | 1  | 6  | 7  | 8  | 24 | 28 | 37 |    |    |     |
| 185   | 398 | 2020/12/11 | 12 | 13 | 17 | 21 | 23 | 34 | 36 |    |    |     |
| 186   | 398 | 2020/12/11 | 3  | 9  | 10 | 20 | 24 | 27 | 29 |    |    |     |
| 187   | 398 | 2020/12/11 | 1  | 7  | 8  | 10 | 16 | 22 | 34 |    |    |     |
| 188   | 398 | 2020/12/11 | 6  | 9  | 19 | 22 | 26 | 32 | 35 |    |    |     |
| 189   | 398 | 2020/12/11 | 2  | 3  | 5  | 8  | 23 | 27 | 29 |    |    |     |
| 190   | 397 | 2020/12/04 | 4  | 12 | 13 | 15 | 21 | 28 | 37 | 7  | 20 | I   |
| 191   | 397 | 2020/12/04 | 5  | 10 | 20 | 26 | 30 | 33 | 37 |    |    |     |
| 192   | 397 | 2020/12/04 | 5  | 14 | 21 | 31 | 35 | 36 | 37 |    |    |     |
| 193   | 397 | 2020/12/04 | 5  | 10 | 11 | 15 | 19 | 22 | 37 |    |    |     |
| 194   | 397 | 2020/12/04 | 1  | 9  | 13 | 14 | 15 | 21 | 32 |    |    |     |
| 195   | 397 | 2020/12/04 | 2  | 16 | 18 | 30 | 33 | 36 | 37 |    |    |     |
| 196   | 397 | 2020/12/04 | 4  | 12 | 14 | 17 | 20 | 29 | 32 |    |    |     |
| 197   | 397 | 2020/12/04 | 3  | 7  | 15 | 23 | 31 | 35 | 36 |    |    |     |
| 198   | 397 | 2020/12/04 | 4  | 7  | 8  | 10 | 23 | 24 | 31 |    |    |     |
| 199   | 396 | 2020/11/27 | 2  | 3  | 5  | 8  | 16 | 20 | 34 | 26 | 31 | J   |
| 200   | 396 | 2020/11/27 | 1  | 8  | 9  | 18 | 20 | 22 | 23 |    |    |     |
| 201   | 396 | 2020/11/27 | 1  | 9  | 15 | 19 | 21 | 27 | 28 |    |    |     |
| 202   | 396 | 2020/11/27 | 1  | 3  | 4  | 18 | 24 | 28 | 30 |    |    |     |
| 203   | 396 | 2020/11/27 | 3  | 9  | 13 | 18 | 22 | 33 | 35 |    |    |     |
| 204   | 396 | 2020/11/27 | 3  | 6  | 8  | 10 | 14 | 22 | 29 |    |    |     |
| 205   | 396 | 2020/11/27 | 1  | 11 | 17 | 21 | 23 | 26 | 27 |    |    |     |
| 206   | 396 | 2020/11/27 | 1  | 5  | 11 | 14 | 15 | 25 | 31 |    |    |     |
| 207   | 395 | 2020/11/20 | 1  | 2  | 5  | 20 | 26 | 29 | 32 | 8  | 9  | H   |
| 208   | 395 | 2020/11/20 | 3  | 9  | 10 | 12 | 27 | 28 | 29 |    |    |     |
| 209   | 395 | 2020/11/20 | 4  | 7  | 12 | 18 | 22 | 29 | 37 |    |    |     |
| 210   | 395 | 2020/11/20 | 6  | 7  | 14 | 17 | 21 | 32 | 36 |    |    |     |
| 211   | 395 | 2020/11/20 | 4  | 6  | 7  | 9  | 24 | 30 | 35 |    |    |     |
| 212   | 395 | 2020/11/20 | 3  | 4  | 10 | 11 | 20 | 25 | 36 |    |    |     |
| 213   | 395 | 2020/11/20 | 8  | 9  | 13 | 14 | 22 | 24 | 35 |    |    |     |
| 214   | 395 | 2020/11/20 | 4  | 9  | 11 | 23 | 24 | 34 | 35 |    |    |     |
| 215   | 394 | 2020/11/13 | 6  | 10 | 22 | 23 | 27 | 32 | 33 | 8  | 19 | E   |
| 216   | 394 | 2020/11/13 | 3  | 6  | 7  | 8  | 29 | 35 | 37 |    |    |     |
| 217   | 394 | 2020/11/13 | 3  | 4  | 15 | 17 | 23 | 28 | 30 |    |    |     |
| 218   | 394 | 2020/11/13 | 6  | 8  | 15 | 24 | 29 | 31 | 32 |    |    |     |
| 219   | 394 | 2020/11/13 | 6  | 7  | 8  | 11 | 21 | 32 | 35 |    |    |     |
| 220   | 394 | 2020/11/13 | 6  | 9  | 10 | 14 | 24 | 26 | 35 |    |    |     |
| 221   | 394 | 2020/11/13 | 7  | 13 | 15 | 17 | 23 | 27 | 35 |    |    |     |
| 222   | 394 | 2020/11/13 | 4  | 9  | 11 | 23 | 24 | 34 | 35 |    |    |     |
| 223   | 394 | 2020/11/13 | 8  | 9  | 13 | 14 | 22 | 24 | 35 |    |    |     |
| 224   | 393 | 2020/11/6  | 7  | 14 | 15 | 22 | 27 | 30 | 31 | 9  | 32 | D   |
| 225   | 393 | 2020/11/6  | 3  | 4  | 6  | 8  | 19 | 32 | 35 |    |    |     |
| 226   | 393 | 2020/11/6  | 13 | 15 | 19 | 21 | 22 | 24 | 35 |    |    |     |
| 227   | 393 | 2020/11/6  | 3  | 9  | 10 | 18 | 22 | 26 | 27 |    |    |     |
| 228   | 393 | 2020/11/6  | 1  | 6  | 9  | 13 | 18 | 22 | 37 |    |    |     |
| 229   | 393 | 2020/11/6  | 3  | 6  | 11 | 26 | 28 | 30 | 32 |    |    |     |
| 230   | 393 | 2020/11/6  | 9  | 15 | 20 | 26 | 27 | 28 | 35 |    |    |     |
| 231   | 393 | 2020/11/6  | 4  | 6  | 7  | 14 | 19 | 23 | 35 |    |    |     |
| 232   | 393 | 2020/11/6  | 8  | 14 | 18 | 21 | 23 | 33 | 36 |    |    |     |
| 233   | 393 | 2020/11/6  | 8  | 9  | 13 | 14 | 22 | 24 | 35 |    |    |     |
| 234   | 393 | 2020/11/6  | 4  | 9  | 11 | 23 | 24 | 34 | 35 |    |    |     |
| 235   | 392 | 2020/10/30 | 1  | 4  | 6  | 15 | 20 | 22 | 26 | 18 | 21 | B   |
| 236   | 392 | 2020/10/30 | 13 | 14 | 15 | 26 | 27 | 35 | 37 |    |    |     |
| 237   | 392 | 2020/10/30 | 3  | 11 | 12 | 15 | 27 | 28 | 37 |    |    |     |
| 238   | 392 | 2020/10/30 | 2  | 13 | 14 | 26 | 29 | 35 | 36 |    |    |     |
| 239   | 392 | 2020/10/30 | 6  | 8  | 14 | 19 | 33 | 34 | 35 |    |    |     |
| 240   | 392 | 2020/10/30 | 6  | 9  | 15 | 22 | 28 | 30 | 33 |    |    |     |
| 241   | 392 | 2020/10/30 | 13 | 16 | 19 | 27 | 29 | 31 | 37 |    |    |     |
| 242   | 392 | 2020/10/30 | 1  | 7  | 9  | 18 | 25 | 32 | 33 |    |    |     |
| 243   | 392 | 2020/10/30 | 4  | 9  | 11 | 23 | 24 | 34 | 35 |    |    |     |
| 244   | 392 | 2020/10/30 | 8  | 9  | 13 | 14 | 22 | 24 | 35 |    |    |     |
| 245   | 391 | 2020/10/23 | 10 | 23 | 27 | 32 | 33 | 35 | 37 | 24 | 26 | F   |
| 246   | 391 | 2020/10/23 | 1  | 9  | 10 | 17 | 18 | 24 | 35 |    |    |     |
| 247   | 391 | 2020/10/23 | 6  | 7  | 9  | 15 | 22 | 27 | 35 |    |    |     |
| 248   | 391 | 2020/10/23 | 3  | 13 | 14 | 15 | 24 | 30 | 32 |    |    |     |
| 249   | 391 | 2020/10/23 | 3  | 7  | 9  | 10 | 21 | 30 | 34 |    |    |     |
| 250   | 391 | 2020/10/23 | 8  | 11 | 18 | 22 | 24 | 32 | 35 |    |    |     |
| 251   | 391 | 2020/10/23 | 8  | 9  | 13 | 14 | 22 | 24 | 35 |    |    |     |
| 252   | 391 | 2020/10/23 | 4  | 9  | 11 | 23 | 24 | 34 | 35 |    |    |     |
| 253   | 390 | 2020/10/16 | 3  | 6  | 19 | 21 | 23 | 26 | 27 | 30 | 34 | A   |
| 254   | 390 | 2020/10/16 | 3  | 4  | 18 | 21 | 30 | 34 | 37 |    |    |     |
| 255   | 390 | 2020/10/16 | 8  | 9  | 13 | 14 | 22 | 24 | 35 |    |    |     |
| 256   | 390 | 2020/10/16 | 4  | 9  | 11 | 23 | 24 | 34 | 35 |    |    |     |
| 257   | 390 | 2020/10/16 | 6  | 8  | 9  | 11 | 18 | 25 | 28 |    |    |     |
| 258   | 390 | 2020/10/16 | 2  | 5  | 17 | 24 | 26 | 31 | 36 |    |    |     |
| 259   | 390 | 2020/10/16 | 1  | 7  | 14 | 19 | 20 | 35 | 36 |    |    |     |
| 260   | 390 | 2020/10/16 | 1  | 11 | 13 | 14 | 15 | 23 | 28 |    |    |     |
| 261   | 390 | 2020/10/16 | 3  | 18 | 26 | 30 | 32 | 36 | 37 |    |    |     |
| 262   | 389 | 2020/10/09 | 1  | 6  | 11 | 13 | 18 | 24 | 27 | 17 | 23 | E   |
| 263   | 389 | 2020/10/09 | 3  | 11 | 15 | 16 | 28 | 29 | 37 |    |    |     |
| 264   | 389 | 2020/10/09 | 16 | 18 | 19 | 22 | 23 | 29 | 32 |    |    |     |
| 265   | 389 | 2020/10/09 | 8  | 9  | 13 | 22 | 28 | 30 | 37 |    |    |     |
| 266   | 389 | 2020/10/09 | 3  | 12 | 17 | 19 | 20 | 27 | 29 |    |    |     |
| 267   | 389 | 2020/10/09 | 9  | 10 | 11 | 13 | 23 | 27 | 30 |    |    | 6   |
| 268   | 389 | 2020/10/09 | 6  | 15 | 22 | 24 | 28 | 33 | 34 |    |    |     |
| 269   | 389 | 2020/10/09 | 1  | 5  | 7  | 14 | 21 | 32 | 35 |    |    |     |
| 270   | 389 | 2020/10/09 | 3  | 6  | 7  | 23 | 24 | 31 | 32 |    |    |     |
| 271   | 389 | 2020/10/09 | 8  | 9  | 13 | 14 | 22 | 24 | 35 |    |    |     |
| 272   | 388 | 2020/10/2  | 1  | 6  | 8  | 10 | 18 | 21 | 32 | 13 | 28 | C   |
| 273   | 388 | 2020/10/2  | 1  | 6  | 11 | 23 | 24 | 28 | 29 |    |    |     |
| 274   | 388 | 2020/10/2  | 2  | 3  | 13 | 14 | 20 | 21 | 36 |    |    |     |
| 275   | 388 | 2020/10/2  | 2  | 5  | 7  | 18 | 25 | 31 | 33 |    |    |     |
| 276   | 388 | 2020/10/2  | 4  | 9  | 22 | 26 | 27 | 34 | 35 |    |    |     |
| 277   | 388 | 2020/10/2  | 4  | 16 | 17 | 18 | 19 | 32 | 37 |    |    |     |
| 278   | 388 | 2020/10/2  | 6  | 10 | 14 | 23 | 24 | 30 | 35 |    |    |     |
| 279   | 388 | 2020/10/2  | 3  | 6  | 7  | 23 | 24 | 31 | 32 |    |    |     |
| 280   | 388 | 2020/10/2  | 8  | 9  | 13 | 14 | 22 | 24 | 35 |    |    |     |
| 281   | 387 | 2020/09/25 | 3  | 7  | 13 | 22 | 30 | 32 | 37 | 14 | 15 | G   |
| 282   | 387 | 2020/09/25 | 5  | 8  | 15 | 16 | 24 | 28 | 29 |    |    |     |
| 283   | 387 | 2020/09/25 | 1  | 7  | 13 | 19 | 25 | 26 | 27 |    |    |     |
| 284   | 387 | 2020/09/25 | 1  | 14 | 15 | 16 | 24 | 29 | 30 |    |    |     |
| 285   | 387 | 2020/09/25 | 9  | 10 | 11 | 17 | 25 | 29 | 37 |    |    |     |
| 286   | 387 | 2020/09/25 | 8  | 9  | 13 | 14 | 22 | 24 | 35 |    |    |     |
| 287   | 387 | 2020/09/25 | 3  | 6  | 7  | 23 | 24 | 31 | 32 |    |    |     |
| 288   | 386 | 2020/09/18 | 9  | 19 | 22 | 32 | 35 | 36 | 37 | 7  | 21 | J   |
| 289   | 386 | 2020/09/18 | 3  | 11 | 25 | 28 | 31 | 33 | 36 |    |    |     |
| 290   | 386 | 2020/09/18 | 12 | 23 | 24 | 26 | 27 | 28 | 32 |    |    |     |
| 291   | 386 | 2020/09/18 | 1  | 4  | 14 | 26 | 27 | 29 | 33 |    |    |     |
| 292   | 386 | 2020/09/18 | 8  | 10 | 19 | 21 | 24 | 29 | 30 |    |    |     |
| 293   | 386 | 2020/09/18 | 6  | 12 | 13 | 16 | 17 | 20 | 32 |    |    |     |
| 294   | 386 | 2020/09/18 | 3  | 6  | 7  | 23 | 24 | 31 | 32 |    |    |     |
| 295   | 386 | 2020/09/18 | 8  | 9  | 13 | 14 | 22 | 24 | 35 |    |    |     |
| 296   | 385 | 2020/09/11 | 4  | 12 | 14 | 24 | 29 | 34 | 35 | 5  | 15 | I   |
| 297   | 385 | 2020/09/11 | 24 | 26 | 27 | 28 | 29 | 30 | 35 |    |    |     |
| 298   | 385 | 2020/09/11 | 2  | 5  | 6  | 11 | 18 | 26 | 34 |    |    |     |
| 299   | 385 | 2020/09/11 | 13 | 14 | 15 | 17 | 25 | 29 | 32 |    |    |     |
| 300   | 385 | 2020/09/11 | 5  | 8  | 15 | 18 | 21 | 24 | 34 |    |    |     |
| 301   | 385 | 2020/09/11 | 3  | 8  | 10 | 14 | 17 | 34 | 35 |    |    |     |
| 302   | 385 | 2020/09/11 | 3  | 6  | 7  | 23 | 24 | 31 | 32 |    |    |     |
| 303   | 385 | 2020/09/11 | 8  | 9  | 13 | 14 | 22 | 24 | 35 |    |    |     |
| 304   | 384 | 2020/09/04 | 3  | 7  | 15 | 18 | 26 | 30 | 31 | 9  | 33 | F   |
| 305   | 384 | 2020/09/04 | 4  | 8  | 10 | 13 | 14 | 33 | 36 |    |    |     |
| 306   | 384 | 2020/09/04 | 8  | 14 | 19 | 22 | 24 | 26 | 32 |    |    |     |
| 307   | 384 | 2020/09/04 | 8  | 9  | 13 | 14 | 22 | 24 | 35 |    |    |     |
| 308   | 383 | 2020/8/28  | 8  | 11 | 15 | 22 | 26 | 28 | 30 | 10 | 20 | H   |
| 309   | 383 | 2020/8/28  | 8  | 11 | 24 | 25 | 27 | 29 | 31 |    |    |     |
| 310   | 383 | 2020/8/28  | 6  | 7  | 8  | 14 | 16 | 20 | 33 |    |    |     |
| 311   | 383 | 2020/8/28  | 1  | 6  | 14 | 24 | 25 | 27 | 29 |    |    |     |
| 312   | 383 | 2020/8/28  | 4  | 8  | 10 | 13 | 14 | 22 | 33 |    |    |     |
| 313   | 382 | 2020/8/21  | 2  | 3  | 5  | 8  | 19 | 22 | 37 | 16 | 28 | E   |
| 314   | 382 | 2020/8/21  | 6  | 7  | 8  | 14 | 16 | 20 | 33 |    |    |     |
| 315   | 382 | 2020/8/21  | 1  | 6  | 14 | 24 | 25 | 27 | 33 |    |    |     |
| 316   | 382 | 2020/8/21  | 5  | 8  | 15 | 23 | 29 | 30 | 35 |    |    |     |
| 317   | 381 | 2020/8/14  | 4  | 8  | 25 | 26 | 27 | 31 | 32 | 9  | 22 | B   |
| 318   | 381 | 2020/8/14  | 1  | 6  | 8  | 9  | 18 | 27 | 32 |    |    | 6   |
| 319   | 381 | 2020/8/14  | 8  | 11 | 24 | 25 | 27 | 29 | 31 |    |    | 5   |
| 320   | 381 | 2020/8/14  | 3  | 13 | 15 | 18 | 33 | 34 | 36 |    |    |     |
| 321   | 381 | 2020/8/14  | 3  | 9  | 12 | 14 | 29 | 30 | 35 |    |    |     |
+-------+-----+------------+----+----+----+----+----+----+----+----+----+-----+
